24h Deb	36h Deb	48h Deb	24h G1	36h G1	48h G1	24h S	36h S	48h S	24h G2/M	36h G2/M	48h G2/M
PLK1 (M-003290-01)	0.213736881559220	0.492569995773733	0.688187994496044	-1	-1	-1	-0.767285967871159	-0.325660253074873	-0.779000526828351	1	0.192536900454069	-0.500659567878319
PLK1 (M-003290-01)	0.110352971681097	0.531188425476703	0.659109998859852	-1	-1	-1	-0.674868646138807	-0.638169773838858	-0.722454337857048	1	0.0920963851365703	-0.484088973925884
PLK1 (M-003290-01)	0.164330320293546	0.356043956043956	0.730122655122655	-1	-1	-1	-0.63404111377532	-0.855573936219097	-0.909045443178977	1	1	-0.524035948832639
PLK1 (M-003290-01)	0.29212346685885	0.439736346516008	0.710364952718676	-1	-1	-1	-0.869046821611116	-0.683954281548595	-1	1	0.687265448495562	-0.52520352755501
KIF11 (GS3832)	0.0448463393463054	0.110047371805076	0.505638299066422	-0.247311346812459	-0.884249948373308	-1	-0.246142974612453	0.210121767689759	-0.927109454142686	0.438299945941941	1	0.163774765838423
FBXO5 (GS26271)	0.0790567350757768	0.217933177489763	0.202923372071876	-0.307022380568853	-1	-1	0.173494494188266	-0.536869060713045	-0.81972727406947	0.207411582043927	1	1
KIF23 (GS9493)	0.00322060206705701	0.126766278608108	0.439047080278315	-0.322702204430438	-0.936449033471107	-1	-0.185781141187764	-0.578072547684189	-0.772136924872162	0.786940859964015	1	0.399138642434014
CDCA5 (GS113130)	0.159080590402037	0.200480200658064	0.530294016006535	-0.596345296643795	-1	-1	-0.164016868788470	-0.39747475811447	-0.458679766192815	0.494268064311117	1	-0.246007055959610
NHP2L1 (GS4809)	0.0201018292713631	0.0746643484980199	0.343317636926038	-0.346258916764664	-0.604238721143906	-1	0.0486975371925622	-0.244473144590922	-0.519683847527267	0.650229601524037	0.992457380453746	0.65619499011084
CDCA8 (GS55143)	0.031786562553432	0.0620937633250777	0.172506415233474	-0.0505813677609533	-0.377787994463276	-0.540933232559326	-0.387463373310298	-0.061452806611793	-0.17115085053942	0.171020290213393	0.533390912823193	0.314693129741562
ANLN (GS54443)	0.00875565433873273	0.0602650333500302	0.094689849015663	-0.0220456731637611	-0.354610364872865	-0.378742873814473	-0.28672745475525	-0.216357816748909	-0.178128028191287	0.196486044075386	0.558750884230804	0.408124969807596
CLSPN (GS63967)	0.0622683434918641	0.00747060915404567	0.158606382400284	-0.373141388603761	-0.649621508039451	-1	0.51019166043968	0.983741317182843	-0.167846688781238	0.294508820060713	0.950303779369859	1
RPA2 (GS6118)	0.0412588793928489	0.0554962480651457	-0.00925114222016716	-0.0500499781445744	-0.265139774710786	-0.68053180783358	-0.0410818504626649	0.170417205913777	0.437998027719394	-0.0191141213019752	0.250533216360954	1
RPA1 (GS6117)	0.0162225185561482	0.0138357203022346	0.197099269129196	0.0826632992225908	-0.222085172675067	-0.790753474229922	-0.237755058843451	0.639561135996522	0.549691524353134	-0.0723441348882538	0.198955921658613	0.394834775681883
DONSON (GS29980)	0.0513045605085136	0.00666283194324608	0.153751244288043	0.279937429383997	0.0611932121773909	-0.667465383266914	-0.328580478458915	0.909946070888485	0.883142274233454	-0.617666451110829	-0.437499417421817	0.246067759623224
CASP8AP2 (GS9994)	0.0285112549580921	0.107609284721454	0.102877212382421	-0.0146092103443496	-0.207324218866625	-0.163860902303789	-0.173653153580504	0.0449483944177812	-0.404001311588654	0.0310201946634137	-0.092846566229277	0.0250444021891302
SON (GS6651)	-0.00349302570457533	0.0336023862741114	0.0768384531626057	0.0669993500291128	-0.158630970057777	-0.255021930350982	-0.197130173299209	0.0805444517103847	-0.251463679566468	0.0478833786715308	0.190231971621810	0.285224787980325
CEP164 (GS22897)	0.00170261969830934	0.286377252319495	0.0163851631848255	0.155504962788419	-0.480891057618988	0.107977543681222	-0.327470494322552	-0.194395952869504	-0.0571929031761886	-0.104701827253128	-0.403404310332522	-0.196064924092033
SESN3 (GS143686)	0.00625811978908766	-0.00303115300076899	-0.0148826042731606	0.225965787836992	0.119431076483827	0.303551437514163	-0.56156030835001	-0.230488194602352	-0.358303871986164	-0.176283552223443	-0.0461001868036083	-0.300006897791333
CD3EAP (GS9055)	0.114341635946924	0.0159743957206854	0.0319678647972875	-0.00166110654471415	0.0616771358656033	0.145967311338192	-0.290261742275095	-0.112712777325092	-0.339766567336252	-0.405994609398459	-0.0790653989924872	-0.242122735675079
SF3B1 (GS23451)	0.0758713999404845	0.0864528935544535	0.149713418404795	0.0963486774105325	-0.0561675833062300	-0.413219682452489	-0.466348793630075	-0.280363173542424	-0.578990466512719	-0.326404764732615	-0.152201123941984	0.343964525670166
SMU1 (GS55234)	0.0198116880297947	0.090270106040395	0.241557123911735	0.231971762110651	-0.0651978305995366	-0.390939580908550	-0.541932711086598	-0.085886535039528	-0.259068538259815	-0.268432236959896	-0.232289751348218	-0.318397544755893
CHEK1 (GS1111)	0.0463713216707927	-0.0339865087073357	0.0640271100231729	0.106737942139223	0.151848367329555	-0.191817926075244	-0.261258297721754	0.202020487302796	0.624040232318175	-0.271885741781634	-0.118843010822100	-0.123057621914700
KIF3A (GS11127)	-0.0277947120052383	0.0452540437517048	0.00883741365935866	0.178618670598782	-0.100802234260995	0.145981298628702	-0.124967141702528	0.00031475440709805	-0.177332295760885	-0.0746114815029434	0.0445242057357291	-0.183762012817292
ZNF595 (GS152687)	0.0111922111958068	-0.0102648298832892	0.0542656833815851	0.180655582997857	-0.0407425285818547	-0.0236354401837022	-0.415110243166594	-0.158982039570514	-0.284699264971403	-0.170558322787709	0.284224171355128	-0.0438658526934844
